2 0.396988 0.991173 0.407288 0.977933 0.406553 0.959167 0.396250 0.948130 0.399931 0.935987 0.416853 0.928262 0.410969 0.913914 0.410969 0.913914 0.392573 0.903980 0.394781 0.884112 0.408023 0.871968 0.416118 0.859830 0.416118 0.859830 0.432306 0.878591 0.434514 0.898459 0.435987 0.912807 0.443344 0.938196 0.449967 0.960269 0.455855 0.975724 0.459532 0.990071 0.459532 0.990071
1 0.181389 0.040844 0.168878 0.047467 0.160782 0.060713 0.157840 0.077270 0.140917 0.082785 0.140917 0.082785 0.126199 0.091617 0.136502 0.119211 0.137971 0.131354 0.125464 0.151217 0.121784 0.158947 0.113692 0.174397 0.097504 0.183229 0.097504 0.183229 0.110011 0.206409 0.139444 0.200888 0.156367 0.205302 0.172558 0.218547 0.189481 0.224068 0.207142 0.221859 0.202727 0.208613 0.187273 0.188750 0.186539 0.165570 0.189481 0.142390 0.197577 0.124731 0.190216 0.108174 0.190216 0.108174 0.185066 0.089408 0.190216 0.064024 0.190216 0.064024 0.221857 0.061815 0.245406 0.054090 0.263801 0.034221 0.266743 0.016563 0.261594 0.005526 0.227745 0.001107 0.204200 0.004419 0.204200 0.004419
1 0.341798 0.994485 0.358724 0.979035 0.374912 0.971310 0.385950 0.954753 0.391100 0.934885 0.380062 0.913914 0.362401 0.905082 0.349894 0.896255 0.360194 0.875280 0.377120 0.864243 0.377120 0.864243 0.403611 0.862034 0.403611 0.862034 0.405815 0.837752 0.391835 0.818991 0.404346 0.800225 0.404346 0.800225 0.371232 0.811266 0.355044 0.810159 0.332968 0.820093 0.305742 0.835548 0.305742 0.835548 0.288816 0.843257 0.277047 0.853207 0.252029 0.850998 0.252029 0.850998 0.249083 0.863141 0.255705 0.888525 0.255705 0.888525 0.245406 0.897357 0.245406 0.897357 0.235841 0.918328 0.243198 0.939298 0.259386 0.954753 0.277047 0.972412 0.281462 0.994485 0.297650 0.996694 0.322668 0.996694 0.338856 0.998904
1 0.926053 0.992281 0.932675 0.975724 0.932675 0.975724 0.915749 0.959167 0.918695 0.934885 0.937091 0.923849 0.951806 0.941508 0.951806 0.941508 0.974616 0.941508 0.967993 0.921639 0.962844 0.906184 0.986393 0.901771 0.995958 0.911705 1.000000 0.905641 1.000000 0.902319 0.989335 0.886321 0.983447 0.875280 0.995219 0.865345 1.000000 0.885548 1.000000 0.949583 0.999635 0.956957 0.995958 0.985658 1.000000 0.991721 1.000000 0.994534 0.956221 0.995592
3 0.398458 0.335548 0.380797 0.338860 0.369762 0.348794 0.360194 0.352105 0.360194 0.352105 0.351363 0.370866 0.349159 0.392928 0.361659 0.410581 0.380797 0.415016 0.391835 0.403980 0.403611 0.394046 0.418326 0.391837 0.418326 0.391837 0.429364 0.365345 0.418326 0.347686 0.418326 0.347686
3 0.702357 0.357621 0.689112 0.355417 0.689112 0.355417 0.675132 0.373076 0.675132 0.373076 0.662624 0.395148 0.665567 0.406184 0.672924 0.432675 0.672924 0.449232 0.693527 0.453646 0.706038 0.439298 0.706038 0.439298 0.716338 0.427160 0.716338 0.427160 0.734737 0.421639 0.745771 0.435987 0.745771 0.435987 0.751659 0.418328 0.754602 0.408394 0.754602 0.397357 0.747244 0.386321 0.747244 0.386321 0.728114 0.387423 0.728114 0.387423 0.716338 0.365345 0.716338 0.365345 0.701623 0.354309
2 0.022445 0.345482 0.022445 0.345482 0.004788 0.360932 0.002580 0.384112 0.004050 0.396255 0.020976 0.399561 0.029068 0.413914 0.034221 0.416118 0.037898 0.397357 0.037898 0.385214 0.041579 0.366453 0.034956 0.353207
2 0.388893 0.205302 0.365347 0.209720 0.342537 0.220757 0.342537 0.220757 0.334441 0.241727 0.356517 0.248350 0.369762 0.260493 0.374178 0.280356 0.352102 0.289189 0.338856 0.289189 0.327083 0.298021 0.320461 0.314572 0.313103 0.328925 0.311630 0.359830 0.311630 0.380800 0.313838 0.391837 0.316780 0.397357 0.334441 0.401771 0.346952 0.412807 0.346952 0.412807 0.359459 0.427160 0.359459 0.440400 0.358724 0.462478 0.358724 0.462478 0.374178 0.441508 0.377855 0.419430 0.383743 0.408394 0.397723 0.398459 0.397723 0.398459 0.415384 0.403980 0.415384 0.403980 0.433041 0.410603 0.433041 0.410603 0.434514 0.385214 0.434514 0.369764 0.434514 0.369764 0.445552 0.366453 0.459532 0.365345 0.481608 0.364243 0.494854 0.374178 0.501477 0.384112 0.501477 0.384112 0.519134 0.384112 0.515457 0.366453 0.515457 0.366453 0.514722 0.348794 0.514722 0.348794 0.530172 0.333339 0.513984 0.328925 0.511776 0.317884 0.521341 0.302434 0.523549 0.284775 0.521341 0.273734 0.514722 0.251661 0.514722 0.251661 0.494115 0.242829 0.483081 0.231793 0.486758 0.214134 0.492646 0.199786 0.500004 0.184331 0.500004 0.184331 0.517664 0.158947 0.511776 0.146804 0.486758 0.141288 0.465420 0.144600 0.452909 0.142390 0.438929 0.141288 0.418326 0.152325 0.403611 0.164463 0.385212 0.181020
1 0.396250 0.316782 0.399196 0.333339 0.415384 0.341064 0.438929 0.333339 0.455117 0.324507 0.449967 0.296913 0.440402 0.279254 0.426422 0.263805 0.413176 0.275943 0.413176 0.275943 0.386685 0.293602 0.386685 0.293602 0.378589 0.302434 0.378589 0.302434 0.363140 0.298021 0.363140 0.298021 0.352102 0.310159 0.360932 0.323405 0.360932 0.323405 0.377855 0.328925 0.385950 0.312368
1 0.191689 0.139079 0.193162 0.171086 0.199046 0.190954 0.214499 0.198679 0.216707 0.220757 0.233633 0.221859 0.246140 0.205302 0.259386 0.195367 0.269686 0.186541 0.283670 0.194265 0.299119 0.205302 0.308688 0.218547 0.324137 0.214134 0.324137 0.214134 0.324137 0.184331 0.305742 0.173295 0.305742 0.173295 0.293235 0.132456 0.284404 0.121420 0.284404 0.121420 0.288819 0.142390 0.292500 0.152325 0.286612 0.165570 0.286612 0.165570 0.267478 0.165570 0.266743 0.152325 0.266743 0.139079 0.266743 0.139079 0.277047 0.121420 0.277047 0.121420 0.256444 0.128043 0.256444 0.128043 0.249821 0.144600 0.244667 0.158947 0.229952 0.153427 0.224803 0.136870 0.224803 0.136870 0.197577 0.128043
1 0.288085 0.094901 0.310161 0.111458 0.327814 0.103783 0.344737 0.114803 0.355775 0.149013 0.324890 0.154550 0.312354 0.161129 0.301316 0.135746 0.291762 0.119211 0.271159 0.114797 0.271159 0.114797 0.266009 0.103761 0.266009 0.073958 0.266009 0.073958 0.260859 0.055192
1 0.281462 0.009940 0.268216 0.024287 0.268216 0.024287 0.263067 0.049677 0.267478 0.068437 0.274101 0.080581 0.288085 0.084995 0.307215 0.098240 0.324876 0.086096 0.332968 0.071749 0.335914 0.054090 0.341798 0.045258 0.356517 0.043054 0.356517 0.043054 0.377120 0.054090 0.367555 0.006628
2 0.068067 0.006628 0.061447 0.024287 0.061447 0.024287 0.044521 0.049677 0.052617 0.072851 0.058501 0.096031 0.062917 0.120312 0.075428 0.147911 0.092350 0.161151 0.113692 0.172193 0.104861 0.151217 0.115161 0.135768 0.136502 0.135768 0.123257 0.113690 0.115161 0.087204 0.118107 0.065126 0.118107 0.065126 0.147540 0.082785 0.147540 0.082785 0.159313 0.065126 0.155632 0.046365 0.174028 0.043054 0.174028 0.043054 0.194631 0.032012 0.194631 0.016563 0.186539 0.005526 0.171820 0.004419 0.111484 0.007730 0.084258 0.007730
4 0.040844 0.003317 0.040106 0.025389 0.044521 0.039742 0.057032 0.023185 0.066597 0.005526 0.052617 0.006628
3 0.759755 0.238416 0.744302 0.235104 0.736944 0.224068 0.736206 0.241727 0.729583 0.256075 0.729583 0.256075 0.716338 0.274841 0.727376 0.284759 0.744302 0.282566 0.744302 0.301332 0.742094 0.311266 0.759017 0.326716 0.775943 0.304644 0.778151 0.293602 0.778151 0.293602 0.805376 0.298021 0.814207 0.284775 0.817884 0.263805 0.820826 0.253871 0.807584 0.247248 0.795808 0.235104 0.781827 0.243936 0.781827 0.243936 0.759017 0.238416
3 0.939298 0.003317 0.916488 0.022083 0.900300 0.039742 0.900300 0.039742 0.889262 0.073958 0.880431 0.089408 0.876751 0.117001 0.874543 0.133558 0.902507 0.137977 0.909126 0.160049 0.909126 0.160049 0.926053 0.168882 0.942240 0.184331 0.962844 0.182127 0.962844 0.182127 0.965786 0.152325 0.947390 0.136870 0.959901 0.120312 0.962098 0.111458 0.963596 0.104879 0.948129 0.090515 0.962109 0.077270 0.979031 0.067336 0.979031 0.067336 0.995219 0.054090 0.995219 0.054090 1.000000 0.036168 1.000000 0.018723 0.999635 0.014353 0.999635 0.014353 0.987127 0.006628 0.969466 0.006628 0.969466 0.006628
3 0.261594 0.030910 0.261594 0.030910 0.242460 0.050779 0.242460 0.050779 0.221857 0.060713 0.221857 0.060713 0.198311 0.066228 0.186539 0.081683 0.198311 0.102654 0.212292 0.105965 0.216707 0.113690 0.230687 0.113690 0.235841 0.099342 0.237310 0.081683 0.237310 0.081683 0.256444 0.099342 0.265270 0.087204 0.257178 0.072851 0.257913 0.059611 0.263067 0.046365 0.262328 0.030910
1 0.001107 0.001107 0.041579 0.005526 0.038637 0.022083 0.041579 0.036431 0.041579 0.036431 0.040844 0.052988 0.040844 0.052988 0.040844 0.071749 0.053352 0.102654 0.054086 0.118109 0.071012 0.141288 0.070278 0.155636 0.051144 0.178816 0.045994 0.190954 0.040844 0.211924 0.037164 0.221859 0.037898 0.237314 0.071747 0.225164 0.076897 0.253871 0.072482 0.270428 0.064390 0.281464 0.062182 0.291398 0.062182 0.291398 0.049671 0.310159 0.040844 0.320093 0.033483 0.328925 0.020238 0.341064 0.020238 0.341064 0.000000 0.336003 0.000000 0.126924
1 0.368289 0.005526 0.371970 0.025389 0.381535 0.061815 0.397723 0.088306 0.414645 0.111486 0.421268 0.123624 0.453648 0.136870 0.473512 0.136870 0.503684 0.146804 0.536795 0.142390 0.548575 0.122533 0.555921 0.109265 0.556663 0.084995 0.550775 0.054090 0.539740 0.036431 0.531645 0.015461 0.527230 0.002215
1 0.087208 0.330044 0.084247 0.334430 0.082785 0.342160 0.073940 0.381908 0.059247 0.402851 0.042325 0.398465 0.036440 0.420559 0.048940 0.438213 0.068787 0.451425 0.079094 0.456963 0.090168 0.461349 0.091630 0.463596 0.095285 0.466886 0.101170 0.474616 0.109276 0.477933 0.109276 0.477933 0.127672 0.486760 0.140917 0.486760 0.155632 0.495592 0.168878 0.504419 0.192423 0.504419 0.192423 0.504419 0.216707 0.487862 0.229218 0.473514 0.237310 0.451442 0.221122 0.433783 0.194631 0.429364 0.181389 0.427160 0.164463 0.424951 0.149010 0.419430 0.149010 0.419430 0.137971 0.410603 0.149748 0.400669 0.153425 0.390735 0.140917 0.376387 0.140917 0.376387 0.139444 0.355417 0.139444 0.355417 0.147540 0.337752 0.137971 0.327818 0.133556 0.314572 0.113692 0.313470 0.113692 0.313470 0.107803 0.314572
1 0.538268 0.142390 0.540475 0.160049 0.530921 0.149013 0.518385 0.158936 0.514730 0.167763 0.499269 0.192050 0.516923 0.203070 0.509576 0.219627 0.507346 0.238432 0.513231 0.267105 0.540475 0.281464 0.561078 0.280356 0.572116 0.257182 0.573586 0.235104 0.575793 0.229589 0.583154 0.248350 0.583154 0.248350 0.600811 0.263805 0.603757 0.248350 0.596400 0.225170 0.596400 0.225170 0.611849 0.206409 0.611849 0.206409 0.624360 0.220757 0.624360 0.220757 0.645698 0.198679 0.645698 0.184331 0.653059 0.173295 0.653059 0.173295 0.671455 0.154529 0.669982 0.137977 0.669982 0.137977 0.653059 0.122522 0.653059 0.122522 0.635398 0.114797 0.616265 0.118092 0.563268 0.123629
1 0.002595 0.435965 0.020980 0.437116 0.048209 0.447039 0.069518 0.467982 0.080592 0.508882 0.081312 0.524287 0.054094 0.526480 0.051144 0.555192 0.036429 0.551880 0.031276 0.576162 0.034221 0.594929 0.034956 0.614797 0.037898 0.630247 0.040844 0.643492 0.006257 0.641288 0.000000 0.664232 0.000000 0.634243
3 0.123991 0.213032 0.101181 0.227379 0.096031 0.248350 0.086466 0.259386 0.088673 0.288087 0.096765 0.298021 0.112219 0.302434 0.129879 0.300225 0.146067 0.292500 0.149010 0.314572 0.145333 0.337752 0.151217 0.354309 0.165197 0.367555 0.188746 0.354309 0.188746 0.354309 0.184331 0.371968 0.184331 0.371968 0.174766 0.402873 0.178443 0.413914 0.196838 0.415016 0.210819 0.407292 0.224803 0.405082 0.242460 0.405082 0.242460 0.405082 0.264536 0.397357 0.271159 0.369764 0.259386 0.347686 0.251290 0.306848 0.262328 0.294709 0.288085 0.288087 0.304273 0.274841 0.317518 0.250559 0.307215 0.224068 0.286612 0.196475 0.267478 0.192056 0.253498 0.208613 0.248348 0.234002 0.226272 0.250559 0.215234 0.261595 0.200519 0.261595 0.183593 0.253871 0.175501 0.225170 0.152690 0.211924 0.137971 0.214134
1 0.256444 0.438196 0.239518 0.438196 0.232895 0.448130 0.227745 0.475724 0.218180 0.487862 0.203461 0.504419 0.179181 0.511042 0.179181 0.511042 0.171086 0.530910 0.182858 0.544156 0.188746 0.566228 0.190216 0.587204 0.186539 0.611486 0.181389 0.621420 0.182858 0.636870 0.199784 0.637977 0.206407 0.654529 0.206407 0.654529 0.196838 0.671086 0.196838 0.671086 0.184331 0.681020 0.179916 0.703098 0.188746 0.732895 0.199784 0.772632 0.209349 0.804644 0.229218 0.831129 0.262317 0.834430 0.280724 0.824507 0.313838 0.817884 0.332968 0.807955 0.339591 0.794709 0.364609 0.782566 0.364609 0.782566 0.394781 0.760493 0.399196 0.739518 0.397723 0.707511 0.404346 0.676606 0.402138 0.660049 0.407273 0.635746 0.402887 0.629167 0.391082 0.612610 0.382273 0.600439 0.385197 0.580592 0.382273 0.566228 0.377851 0.561842 0.369773 0.550768 0.332968 0.564024 0.332968 0.564024 0.313103 0.559611 0.306480 0.539742 0.315311 0.528701 0.315311 0.528701 0.343271 0.522083 0.343271 0.522083 0.360932 0.528701 0.360194 0.514353 0.355779 0.498904 0.356517 0.473514 0.352102 0.448130 0.340329 0.434885 0.307215 0.431573 0.285877 0.427160 0.270424 0.430471 0.270424 0.430471
1 0.417591 0.399561 0.394781 0.405082 0.377120 0.412807 0.364609 0.439298 0.360932 0.466891 0.357986 0.483448 0.357986 0.493383 0.350629 0.504419 0.354309 0.518772 0.366817 0.530910 0.381535 0.539742 0.403611 0.539742 0.425683 0.526497 0.434514 0.503317 0.444079 0.483448 0.444817 0.462478 0.435249 0.449232 0.425683 0.439298 0.405080 0.433783 0.405080 0.433783 0.399196 0.413914 0.413911 0.411705 0.430099 0.422741 0.443344 0.427160 0.453648 0.434885 0.454382 0.419430 0.446287 0.403980 0.446287 0.403980 0.425683 0.397357
1 0.307215 0.003317 0.277047 0.013251 0.277047 0.013251 0.259386 0.030910 0.257913 0.052988 0.256444 0.071749 0.265270 0.088306 0.280724 0.105965 0.307950 0.108174 0.307950 0.108174 0.321930 0.105965 0.328553 0.082785 0.333706 0.059611 0.333706 0.059611 0.365347 0.050779 0.365347 0.050779 0.393308 0.067336 0.405080 0.082785 0.415384 0.091617 0.432306 0.120312 0.438194 0.131354 0.438194 0.131354 0.479401 0.126935 0.479401 0.126935 0.501477 0.144600 0.540475 0.140181 0.552982 0.121420 0.558871 0.090515 0.546360 0.059611 0.536060 0.039742 0.527964 0.022083 0.524287 0.004419 0.524287 0.004419
1 0.024653 0.007730 0.023918 0.024287 0.015088 0.034221 0.011411 0.055192 0.012880 0.078372 0.021711 0.090515 0.035691 0.102654 0.049671 0.113690 0.066597 0.122522 0.071747 0.139079 0.070278 0.153427 0.048936 0.184331 0.037164 0.197577 0.024653 0.210822 0.024653 0.210822 0.020976 0.232895 0.051879 0.235104 0.070278 0.239518 0.076162 0.254973 0.075428 0.272632 0.075428 0.290291 0.048202 0.306848 0.043052 0.318991 0.037164 0.343273 0.022445 0.343273 0.004057 0.353180 0.003315 0.333339 0.000000 0.250049 0.000000 0.092856 0.000373 0.079474 0.002580 0.003317
1 0.455117 0.704221 0.433041 0.709704 0.409503 0.698684 0.398465 0.711952 0.399931 0.750559 0.420534 0.778152 0.420534 0.778152 0.429364 0.795811 0.429364 0.795811 0.417591 0.810159 0.421272 0.827796 0.429364 0.852105 0.433779 0.874178 0.438929 0.897357 0.452909 0.911705 0.463947 0.944819 0.467628 0.961376 0.473512 0.930471 0.483081 0.906184 0.483081 0.906184 0.493381 0.907292 0.477928 0.894046 0.484550 0.876387 0.497061 0.858723 0.505892 0.845482 0.505892 0.845482 0.523549 0.836650 0.523549 0.836650 0.534587 0.857621 0.532379 0.871968 0.532379 0.871968 0.520607 0.877489 0.520607 0.877489 0.508834 0.884112 0.508834 0.884112 0.511776 0.860932 0.511776 0.860932 0.507361 0.863141 0.497796 0.880800 0.497796 0.880800 0.506626 0.890735 0.508834 0.918328 0.506626 0.930471 0.505892 0.942610 0.505892 0.942610 0.541948 0.921639 0.552248 0.938196 0.552248 0.938196 0.549306 0.960269 0.549306 0.973514 0.555190 0.990071 0.569174 0.995592 0.569174 0.995592 0.576531 0.963580 0.579474 0.945921 0.588304 0.931573 0.594920 0.892928 0.591265 0.865351 0.611111 0.853180 0.604459 0.836623 0.580921 0.814529 0.595651 0.737336 0.585344 0.715241 0.529437 0.720757 0.529437 0.720757 0.503684 0.717445 0.483081 0.717445 0.469097 0.721859 0.469097 0.721859
2 0.605965 0.328925 0.605965 0.328925 0.585362 0.315680 0.570643 0.317884 0.570643 0.317884 0.557398 0.326716 0.557398 0.343273 0.577266 0.352105 0.577266 0.352105 0.597869 0.362034 0.600077 0.379698 0.597869 0.390735 0.594927 0.408394 0.594927 0.408394 0.620680 0.403980 0.622887 0.388525 0.629510 0.399561 0.634660 0.417226 0.634660 0.417226 0.659678 0.416118 0.661886 0.395148 0.658944 0.380800 0.674397 0.377489 0.679547 0.359830 0.679547 0.359830 0.706038 0.352105 0.724433 0.353207 0.734737 0.341064 0.734737 0.326716 0.735453 0.302412 0.720029 0.289200 0.697222 0.295833 0.684686 0.305757 0.664839 0.328947 0.651586 0.339962 0.634660 0.334441 0.634660 0.334441 0.609642 0.328925
1 0.583151 0.996711 0.583154 0.987862 0.581681 0.967999 0.588304 0.941508 0.594927 0.922741 0.595662 0.895148 0.594927 0.877489 0.612588 0.868657 0.633925 0.875280 0.652321 0.871968 0.665567 0.873076 0.675132 0.894046 0.687643 0.908394 0.703830 0.916118 0.703830 0.916118 0.738414 0.912807 0.752394 0.907292 0.767113 0.903980 0.767113 0.903980 0.783300 0.903980 0.802431 0.908394 0.807584 0.847686 0.809792 0.822303 0.800961 0.792500 0.798015 0.780356 0.820091 0.768218 0.846583 0.772632 0.859090 0.752763 0.880431 0.748350 0.909865 0.749452 0.909865 0.749452 0.926053 0.726277 0.926053 0.726277 0.930468 0.729589 0.956221 0.722966 0.965786 0.697577 0.960636 0.674397 0.939298 0.653427 0.934883 0.641288 0.942975 0.629145 0.948863 0.612588 0.961371 0.601552 0.977562 0.581683 0.984185 0.564024 0.985654 0.548569 0.971674 0.543054 0.965786 0.530910 0.967993 0.512149 0.968732 0.493383 0.963578 0.466891 0.963578 0.444819 0.945183 0.449232 0.931202 0.445921 0.912807 0.449232 0.896619 0.443712 0.882639 0.435987 0.870866 0.412807 0.870866 0.390735 0.876016 0.369764 0.876016 0.369764 0.858355 0.376387 0.858355 0.376387 0.833337 0.390735 0.816414 0.389633 0.796546 0.380800 0.783300 0.370866 0.783300 0.370866 0.767113 0.356519 0.760490 0.331129 0.773735 0.314572 0.773735 0.314572 0.795808 0.311266 0.795808 0.311266 0.809053 0.295811 0.824507 0.291398 0.844375 0.289189 0.855413 0.300225 0.870128 0.298021 0.877485 0.294709 0.896619 0.295811 0.896619 0.295811 0.922372 0.306848 0.922372 0.306848 0.940033 0.288087 0.944448 0.274841 0.950336 0.254973 0.954013 0.240625 0.967993 0.232895 0.967993 0.232895 0.989335 0.245038 0.989335 0.245038 1.000000 0.266930 1.000000 0.281815 0.997427 0.288087 0.983447 0.303536 0.975355 0.321195 0.976824 0.333339 0.979770 0.347686 0.979770 0.347686 0.982712 0.369764 0.984920 0.383010 0.985654 0.397357 0.981977 0.411705 0.981977 0.411705 0.981977 0.431573 0.998165 0.437094 1.000000 0.446272 1.000000 0.512999 0.995219 0.545258 0.997427 0.597138 0.996711 0.630263 1.000000 0.686875 1.000000 0.737950 0.999635 0.746140 0.985654 0.772632 0.992277 0.795811 0.994485 0.833339 0.993750 0.859830 0.974616 0.860932 0.957694 0.875280 0.950336 0.890735 0.933410 0.892944 0.933410 0.892944 0.917222 0.879698 0.909126 0.866453 0.898827 0.841064 0.898827 0.841064 0.895885 0.871968 0.899561 0.887423 0.903242 0.912807 0.905450 0.929364 0.894412 0.948130 0.889262 0.967999 0.888523 0.981239 0.888523 0.981239 0.903242 0.992281 0.903242 0.992281 0.921637 0.990071 0.917226 1.000000 0.917167 1.000000 0.873074 0.995592 0.852496 1.000000 0.606400 1.000000
1 0.538268 0.300225 0.531645 0.316782 0.527230 0.328925 0.551513 0.335548 0.551513 0.335548 0.573586 0.317884 0.591985 0.306848 0.611849 0.318991 0.626568 0.321195 0.641283 0.305746 0.633191 0.288087 0.633191 0.264907 0.650852 0.247248 0.666301 0.243936 0.682489 0.262697 0.682489 0.262697 0.701623 0.280356 0.712661 0.264907 0.717076 0.248350 0.732529 0.230691 0.747979 0.224068 0.767847 0.231793 0.767847 0.231793 0.795808 0.234002 0.809053 0.229589 0.822299 0.238416 0.865713 0.251661 0.876751 0.247248 0.892204 0.229589 0.915749 0.225170 0.926053 0.242829 0.939298 0.220757 0.945183 0.195367 0.942240 0.181020 0.917222 0.173295 0.899561 0.156738 0.870128 0.144600 0.870128 0.144600 0.863505 0.165570 0.850998 0.161151 0.835563 0.164474 0.825987 0.132456 0.798757 0.135800 0.774488 0.140186 0.747990 0.134649 0.731056 0.130247 0.712661 0.120312 0.683227 0.122522 0.680285 0.132456 0.687643 0.154529 0.656001 0.166672 0.658944 0.189852 0.654529 0.203098 0.628776 0.220757 0.628776 0.220757 0.603019 0.210822 0.599342 0.221859 0.596400 0.235104 0.609642 0.248350 0.578739 0.239518 0.575793 0.257182 0.560344 0.271530 0.547098 0.280356 0.547098 0.280356 0.536795 0.282566
1 0.344740 0.054090 0.330760 0.068437 0.324137 0.083893 0.330026 0.107067 0.347686 0.123624 0.361667 0.133558 0.367555 0.151217 0.366817 0.167774 0.379327 0.186541 0.410969 0.163361 0.419799 0.152325 0.433779 0.140181 0.411703 0.122522 0.402138 0.091617 0.392573 0.075060 0.383004 0.062922 0.383004 0.062922 0.357251 0.050779 0.357251 0.050779
1 0.090143 0.701990 0.069539 0.727379 0.065863 0.747248 0.077635 0.760493 0.093088 0.774841 0.113692 0.786979 0.113692 0.786979 0.140179 0.802434 0.155632 0.813470 0.185066 0.789189 0.192423 0.748350 0.189481 0.727379 0.172558 0.716343 0.160782 0.704200 0.160782 0.704200 0.150482 0.687643 0.121049 0.688750 0.112219 0.701990
1 0.196104 0.387423 0.210819 0.410581 0.230687 0.406184 0.240990 0.424951 0.226272 0.447023 0.221122 0.464688 0.221122 0.490071 0.188746 0.504419 0.188746 0.504419 0.151217 0.493383 0.143125 0.482346 0.135764 0.469101 0.131349 0.456957 0.114426 0.449232 0.114426 0.449232 0.107803 0.442610 0.091615 0.456957 0.073220 0.460269 0.053352 0.441508 0.048936 0.430471 0.048936 0.430471 0.065124 0.411705 0.065124 0.411705 0.079105 0.391837 0.073955 0.363141 0.082785 0.342171 0.085727 0.332237 0.093088 0.313470 0.109276 0.305746 0.127672 0.306848 0.127672 0.306848 0.144594 0.321195 0.153425 0.337752 0.157840 0.356519 0.160048 0.370866 0.160782 0.381902 0.162255 0.394046 0.162255 0.394046 0.165936 0.402873 0.165936 0.402873 0.190216 0.395148 0.190216 0.395148
1 0.101915 0.506628 0.087935 0.500005 0.081312 0.511042 0.079843 0.529808 0.073220 0.546365 0.046729 0.546365 0.036429 0.559611 0.036429 0.579474 0.032749 0.605965 0.037164 0.634666 0.034221 0.644600 0.010673 0.641288 0.010673 0.641288 0.000000 0.671305 0.000000 0.696414 0.020238 0.693163 0.039371 0.686541 0.054086 0.690954 0.073220 0.705302 0.073220 0.705302 0.113692 0.699786 0.119576 0.687643 0.141652 0.685439 0.157105 0.688750 0.172558 0.685439 0.172558 0.685439 0.207142 0.668882 0.213765 0.652325 0.207142 0.635768 0.176235 0.634666 0.174028 0.605965 0.184331 0.586096 0.184331 0.586096 0.154898 0.552988 0.149748 0.526497 0.131349 0.511042 0.131349 0.511042 0.108538 0.505526
1 0.836279 0.005526 0.829656 0.016563 0.829656 0.016563 0.811999 0.036431 0.811999 0.050779 0.813469 0.068437 0.814942 0.083893 0.797281 0.098240 0.792865 0.113690 0.800961 0.125833 0.827449 0.124731 0.834810 0.135768 0.842167 0.154529 0.862036 0.142390 0.872336 0.113690 0.875281 0.080581 0.890731 0.048569 0.889996 0.027599 0.889996 0.013251 0.889996 0.013251 0.890731 0.004419
1 0.405815 0.410603 0.374912 0.422741 0.362401 0.450334 0.355779 0.482346 0.363874 0.508838 0.384477 0.525389 0.402873 0.543054 0.418326 0.548569 0.447760 0.546365 0.447760 0.546365 0.447760 0.525389 0.443344 0.508838 0.422741 0.502215 0.417591 0.482346 0.430099 0.472412 0.430099 0.472412 0.450702 0.487862 0.450702 0.487862 0.464682 0.480137 0.465420 0.453646 0.467628 0.433783 0.474251 0.423849 0.477193 0.411705 0.474985 0.396255 0.460267 0.380800 0.460267 0.380800 0.434514 0.374178 0.438929 0.442610
4 0.140179 0.820093 0.133556 0.837752 0.126206 0.836678 0.124730 0.852105 0.124730 0.852105 0.134284 0.865351 0.146802 0.858723 0.146802 0.858723 0.149010 0.844375 0.149010 0.834441 0.149010 0.834441 0.155632 0.826716 0.155632 0.826716 0.140917 0.823405 0.139444 0.821195
2 0.702357 0.618109 0.676605 0.631354 0.669247 0.642390 0.667774 0.613690 0.672924 0.599342 0.672189 0.578372 0.675132 0.560713 0.684697 0.536431 0.674397 0.520976 0.674397 0.520976 0.648644 0.528701 0.646436 0.551880 0.642756 0.578372 0.641283 0.604863 0.638341 0.622522 0.637606 0.639079 0.632452 0.654529 0.632452 0.654529 0.622153 0.675504 0.616265 0.705302 0.606689 0.741721 0.600073 0.767105 0.607434 0.792500 0.607434 0.792500 0.635398 0.807955 0.637606 0.822303 0.631718 0.841064 0.628037 0.852105 0.634660 0.865345 0.660417 0.857621 0.660417 0.857621 0.672189 0.883010 0.672189 0.883010 0.689850 0.901771 0.706038 0.905082 0.713395 0.917226 0.736206 0.913914 0.754602 0.902873 0.784035 0.888525 0.795808 0.874178 0.800961 0.839962 0.794338 0.806848 0.795808 0.780356 0.808319 0.751661 0.816414 0.729589 0.828187 0.705302 0.841433 0.679918 0.841433 0.679918 0.872332 0.700877 0.867909 0.717434 0.841447 0.721875 0.828187 0.739518 0.816414 0.759386 0.820826 0.769320 0.828922 0.770428 0.856871 0.747259 0.918695 0.751661 0.911334 0.715236 0.910599 0.683229 0.893677 0.668882 0.893677 0.668882 0.875281 0.640181 0.881166 0.618109 0.885581 0.605965 0.899561 0.610378 0.899561 0.610378 0.917957 0.610378 0.920903 0.600450 0.920903 0.600450 0.906919 0.586096 0.906919 0.586096 0.909126 0.576162 0.909126 0.576162 0.924580 0.567336 0.924580 0.567336 0.942240 0.564024 0.951806 0.549677 0.954751 0.530910 0.958428 0.512149 0.958428 0.512149 0.963578 0.490071 0.963578 0.490071 0.948863 0.474622 0.948863 0.474622 0.922372 0.485658 0.922372 0.485658 0.911334 0.490071 0.901034 0.474622 0.901034 0.474622 0.884108 0.477933 0.884108 0.477933 0.898827 0.490071 0.903242 0.503317 0.903242 0.503317 0.883374 0.513251 0.870128 0.512149 0.865713 0.507730 0.865713 0.507730 0.867920 0.529808 0.867920 0.529808 0.848056 0.534221 0.848056 0.534221 0.825241 0.535323 0.825241 0.535323 0.806111 0.532012 0.813469 0.515461 0.834810 0.501107 0.858355 0.491173 0.858355 0.491173 0.870866 0.474622 0.861298 0.454753 0.864978 0.432675 0.859090 0.419430 0.857621 0.400669 0.842902 0.400669 0.842902 0.421639 0.835545 0.433783 0.822299 0.450334 0.822299 0.450334 0.813469 0.438196 0.809792 0.459167 0.802431 0.471310 0.802431 0.471310 0.797281 0.481239 0.786243 0.496694 0.786243 0.496694 0.775205 0.498904 0.775205 0.498904 0.757548 0.495592 0.757548 0.495592 0.740621 0.498904 0.745760 0.535362 0.755373 0.571711 0.725183 0.558498 0.712646 0.541941 0.686904 0.525389 0.689112 0.534221 0.698681 0.544156 0.698681 0.544156 0.711188 0.564024 0.711188 0.564024 0.716338 0.587204 0.716338 0.587204 0.707511 0.609276 0.707511 0.609276
1 0.688377 0.551880 0.678077 0.556299 0.669247 0.578372 0.670716 0.590515 0.667039 0.611486 0.666301 0.628043 0.666301 0.628043 0.673662 0.639079 0.673662 0.639079 0.699415 0.621420 0.708246 0.610378 0.714130 0.593827 0.708980 0.576162 0.704565 0.556299 0.704565 0.556299 0.694265 0.551880
1 0.079843 0.505526 0.099708 0.490077 0.129130 0.492270 0.157091 0.503289 0.176974 0.564024 0.181389 0.602654 0.181389 0.633558 0.178443 0.666672 0.157840 0.679918 0.157840 0.679918 0.151955 0.694265 0.173293 0.704200 0.181389 0.722966 0.188746 0.743936 0.189481 0.770428 0.179916 0.783668 0.168143 0.806848 0.168143 0.806848 0.150482 0.816782 0.151955 0.815680 0.151955 0.815680 0.132087 0.812368 0.132087 0.812368 0.114426 0.826716 0.110011 0.839962 0.113692 0.852105 0.116634 0.865345 0.116634 0.865345 0.121784 0.879698 0.121784 0.879698 0.122522 0.891837 0.122522 0.891837 0.112219 0.901771 0.111484 0.912807 0.111484 0.919430 0.111484 0.919430 0.118107 0.927160 0.132822 0.932675 0.132822 0.932675 0.153425 0.913914 0.151206 0.900658 0.151937 0.886294 0.151206 0.869737 0.154167 0.852083 0.162975 0.842160 0.169627 0.815680 0.182127 0.795833 0.196857 0.777029 0.235855 0.842160 0.238048 0.859814 0.240990 0.884112 0.234368 0.894046 0.229952 0.907292 0.238045 0.938196 0.238045 0.938196 0.254236 0.964687 0.266743 0.985658 0.274101 0.995592 0.002595 0.997807 0.000000 0.929868 0.000000 0.651508 0.004050 0.488969
1 0.424949 0.552988 0.412438 0.571749 0.411703 0.604863 0.410230 0.630247 0.418326 0.654529 0.435987 0.658947 0.453648 0.665570 0.461732 0.678838 0.475720 0.688750 0.477193 0.700888 0.488231 0.714134 0.505892 0.720757 0.533118 0.716343 0.558871 0.720757 0.580208 0.707511 0.588304 0.687643 0.604496 0.664474 0.595651 0.631360 0.580947 0.610378 0.565493 0.588306 0.563286 0.568437 0.561806 0.559594 0.560344 0.545285 0.556652 0.524287 0.557398 0.497796 0.569920 0.453618 0.510307 0.428235 0.476425 0.423849 0.463925 0.466886 0.463962 0.502193 0.453648 0.545258 0.453648 0.545258 0.435987 0.549677
1 0.550040 0.335548 0.536795 0.338860 0.529437 0.345482 0.525022 0.365345 0.522080 0.383010 0.512515 0.395148 0.512515 0.395148 0.494854 0.395148 0.480135 0.403980 0.483816 0.422741 0.483816 0.422741 0.513249 0.430471 0.532379 0.442610 0.550775 0.442610 0.569174 0.458065 0.564759 0.473514 0.559605 0.483448 0.559605 0.483448 0.561078 0.483448 0.560344 0.511042 0.565493 0.526497 0.564759 0.548569 0.566228 0.566228 0.586096 0.570647 0.594920 0.583882 0.603757 0.597138 0.614795 0.619211 0.629510 0.636870 0.629510 0.636870 0.633191 0.619211 0.630245 0.593827 0.624360 0.558503 0.630983 0.533120 0.630983 0.533120 0.660417 0.507730 0.673662 0.494485 0.681020 0.476826 0.670716 0.461376 0.644956 0.443695 0.633187 0.449232 0.617727 0.450329 0.595662 0.445921 0.584624 0.424951 0.584624 0.424951 0.577266 0.400669 0.577266 0.400669 0.591246 0.383010 0.589039 0.370866 0.559605 0.358723 0.543417 0.353207
